x
202
183
129
198
68
51
41
30
26
48
78
405
238
163
271
113
131
106
67
46
46
36
145
282
489
389
458
465
231
148
108
86
69
62
92
254
242
305
195
139
108
81
67
54
50
64
51
49
206
136
211
102
65
51
40
33
27
45
95
81
222
310
260
153
101
73
58
43
34
37
122
264
602
568
384
199
172
108
83
68
48
40
57
95
333
374
396
150
136
95
75
62
62
56
82
541
377
278
163
106
77
62
47
40
32
29
42
42
203
234
121
104
77
49
43
35
29
56
97
207
343
473
508
242
145
107
85
71
57
74
148
305
667
499
285
233
144
111
86
65
54
129
184
362
444
403
307
189
128
97
77
61
53
51
119
317
305
288
272
148
103
79
65
56
54
69
74
187
147
146
125
92
67
51
42
36
32
54
236
280
487
404
251
164
109
84
70
55
58
74
82
85
57
57
91
59
39
37
30
27
30
55
92
344
19
201
172
145
82
66
61
49
39
113
218
194
253
225
230
264
134
101
79
62
51
87
139
147
167
110
250
225
126
92
72
59
45
57
44
113
229
192
104
116
72
53
52
40
32
53
95
102
